22                  teste               c                   2                   
34123               luluuuuuu           t                   23                  
-1                                                          0                   
-1                                                          0                   
-1                                                          0                   
-1                                                          0                   
-1                                                          0                   
-1                                                          0                   
-1                                                          0                   
-1                                                          0                   
-1                                                          0                   
-1                                                          0                   
-1                                                          0                   
-1                                                          0                   
-1                                                          0                   
-1                                                          0                   
-1                                                          0                   
-1                                                          0                   
-1                                                          0                   
-1                                                          0                   
-1                                                          0                   
-1                                                          0                   
-1                                                          0                   
-1                                                          0                   
-1                                                          0                   
-1                                                          0                   
-1                                                          0                   
-1                                                          0                   
-1                                                          0                   
-1                                                          0                   
